(setq emacspeak-2048-game-stack 
'([cl-struct-emacspeak-2048-game-state
  [512 1024 8 2 64 128 16384 8192 1024 32 0 2 4 32 16 2 0 0 2 0]
  315748 4 5]
 [cl-struct-emacspeak-2048-game-state
  [512 1024 8 2 64 128 16384 8192 1024 32 0 2 4 32 16 2 0 0 2 0]
  315748 4 5]
 [cl-struct-emacspeak-2048-game-state
  [512 1024 8 2 64 128 16384 8192 1024 16 32 4 4 0 0 4 2 2 0 0]
  315628 4 5]
 [cl-struct-emacspeak-2048-game-state
  [512 1024 8 2 64 128 16384 8192 1024 16 32 4 4 0 0 4 2 2 0 0]
  315628 4 5]
 [cl-struct-emacspeak-2048-game-state
  [512 1024 8 2 64 128 16384 8192 1024 16 0 4 8 16 2 0 0 0 0 2]
  315556 4 5]
 [cl-struct-emacspeak-2048-game-state
  [512 1024 8 2 64 128 16384 8192 1024 2 2 8 4 2 0 8 2 0 0 0]
  315484 4 5]
 [cl-struct-emacspeak-2048-game-state
  [512 1024 8 2 64 128 16384 8192 1024 2 2 8 4 2 0 8 2 0 0 0]
  315484 4 5]
 [cl-struct-emacspeak-2048-game-state
  [512 1024 8 2 64 128 16384 8192 1024 2 2 8 4 2 0 8 2 0 0 0]
  315484 4 5]
 [cl-struct-emacspeak-2048-game-state
  [512 1024 8 2 64 128 16384 8192 1024 2 2 8 4 2 0 8 2 0 0 0]
  315484 4 5]
 [cl-struct-emacspeak-2048-game-state
  [512 1024 8 2 64 128 16384 8192 1024 2 2 8 4 2 0 8 2 0 0 0]
  315484 4 5]
 [cl-struct-emacspeak-2048-game-state
  [512 1024 8 2 64 128 16384 8192 1024 0 8 4 2 0 0 4 2 0 0 0]
  315472 4 5]
 [cl-struct-emacspeak-2048-game-state
  [512 1024 8 2 8 2 16384 8192 16 2 8 1024 8 2 0 4 8 0 0 0]
  314504 4 5]
 [cl-struct-emacspeak-2048-game-state
  [512 1024 8 2 8 2 16384 8192 16 2 8 1024 4 4 0 4 0 8 0 0]
  314496 4 5]
 [cl-struct-emacspeak-2048-game-state
  [4 512 1024 4 2 256 16384 8192 512 0 4 16 32 64 128 2 4 8 4 2]
  312352 4 5]
 [cl-struct-emacspeak-2048-game-state
  [4 512 1024 2 256 256 16384 8192 256 128 4 16 32 64 2 2 4 8 4 0]
  311836 4 5]
 [cl-struct-emacspeak-2048-game-state
  [4 512 1024 2 256 256 16384 8192 256 128 0 4 16 32 64 0 2 4 8 4]
  311836 4 5]
 [cl-struct-emacspeak-2048-game-state
  [4 512 1024 2 256 256 16384 8192 256 128 0 4 16 32 64 0 2 4 8 4]
  311836 4 5]
 [cl-struct-emacspeak-2048-game-state
  [4 512 1024 2 256 256 16384 8192 256 128 0 4 16 32 64 0 2 4 8 4]
  311836 4 5]
 [cl-struct-emacspeak-2048-game-state
  [4 512 1024 2 256 256 16384 8192 256 128 0 4 16 32 64 0 2 4 8 4]
  311836 4 5]
 [cl-struct-emacspeak-2048-game-state
  [4 512 1024 2 256 256 16384 8192 256 128 0 4 16 32 64 0 2 4 8 4]
  311836 4 5]
 [cl-struct-emacspeak-2048-game-state
  [4 512 1024 2 256 256 16384 8192 256 128 0 4 16 32 64 0 2 4 8 4]
  311836 4 5]
 [cl-struct-emacspeak-2048-game-state
  [4 512 1024 2 256 128 16384 8192 256 128 8 16 32 64 16 0 2 2 8 2]
  310888 4 5]
 [cl-struct-emacspeak-2048-game-state
  [4 512 1024 2 256 128 16384 8192 256 32 64 8 2 0 0 8 2 0 0 0]
  310060 4 5]
 [cl-struct-emacspeak-2048-game-state
  [4 512 1024 2 256 128 16384 8192 256 32 64 4 2 0 0 4 0 2 0 0]
  310036 4 5]
 [cl-struct-emacspeak-2048-game-state
  [4 512 1024 2 128 128 16384 8192 256 64 0 0 4 4 16 0 2 0 0 0]
  308960 4 5]
 [cl-struct-emacspeak-2048-game-state
  [4 512 1024 2 128 128 16384 8192 256 32 2 2 4 4 16 0 0 2 0 0]
  308776 4 5]
 [cl-struct-emacspeak-2048-game-state
  [4 512 1024 2 128 128 16384 8192 128 32 4 64 16 4 2 16 4 2 2 0]
  308144 4 5]
 [cl-struct-emacspeak-2048-game-state
  [4 512 1024 2 128 128 16384 8192 128 32 4 64 16 4 2 16 4 2 2 0]
  308144 4 5]
 [cl-struct-emacspeak-2048-game-state
  [4 512 1024 2 128 128 16384 8192 128 32 4 64 16 4 2 16 4 2 2 0]
  308144 4 5]
 [cl-struct-emacspeak-2048-game-state
  [4 512 1024 2 128 128 16384 8192 128 32 4 64 16 4 2 16 4 2 2 0]
  308144 4 5]
 [cl-struct-emacspeak-2048-game-state
  [4 512 1024 2 128 128 16384 8192 128 32 4 64 16 2 0 8 4 0 0 2]
  308108 4 5]
 [cl-struct-emacspeak-2048-game-state
  [4 512 1024 2 128 128 16384 8192 128 32 4 64 16 2 0 8 4 0 0 2]
  308108 4 5]
 [cl-struct-emacspeak-2048-game-state
  [4 512 1024 2 128 128 16384 8192 64 16 2 32 16 32 4 0 2 4 16 2]
  307556 4 5]
 [cl-struct-emacspeak-2048-game-state
  [4 512 1024 2 128 128 16384 8192 64 16 2 32 16 32 4 0 2 4 16 2]
  307556 4 5]
 [cl-struct-emacspeak-2048-game-state
  [2 512 1024 2 128 8 128 16384 8192 64 8 32 16 32 8 0 2 2 2 2]
  307500 4 5]
 [cl-struct-emacspeak-2048-game-state
  [2 512 1024 2 128 8 128 16384 8192 64 32 4 32 2 0 2 8 4 0 2]
  307448 4 5]
 [cl-struct-emacspeak-2048-game-state
  [2 512 1024 2 128 0 128 16384 8192 64 0 32 2 16 2 0 0 2 4 2]
  307340 4 5]
 [cl-struct-emacspeak-2048-game-state
  [2 512 1024 2 128 64 8 16384 8192 64 4 8 16 32 8 2 0 2 4 2]
  306952 4 5]
 [cl-struct-emacspeak-2048-game-state
  [128 256 1024 2 128 64 128 16384 8192 64 2 8 16 32 8 0 2 4 2 4]
  306168 4 5]
 [cl-struct-emacspeak-2048-game-state
  [128 256 1024 2 128 64 128 16384 8192 64 2 8 16 32 8 0 2 4 2 4]
  306168 4 5]
 [cl-struct-emacspeak-2048-game-state
  [128 256 1024 2 128 64 128 16384 8192 64 2 8 16 32 8 0 2 4 2 4]
  306168 4 5]
 [cl-struct-emacspeak-2048-game-state
  [128 256 1024 2 128 64 128 16384 8192 64 2 8 16 32 8 0 2 4 2 4]
  306168 4 5]
 [cl-struct-emacspeak-2048-game-state
  [128 256 1024 2 128 64 128 16384 8192 64 8 16 32 8 0 4 2 4 0 0]
  306168 4 5]
 [cl-struct-emacspeak-2048-game-state
  [128 256 1024 2 128 64 128 16384 8192 32 2 8 16 8 2 0 0 2 2 8]
  305868 4 5]
 [cl-struct-emacspeak-2048-game-state
  [128 256 1024 2 128 32 64 16384 8192 32 4 16 64 16 0 2 2 4 8 2]
  305572 4 5]
 [cl-struct-emacspeak-2048-game-state
  [128 256 1024 2 128 16 64 16384 8192 16 4 16 64 16 4 2 4 8 2 2]
  305416 4 5]
 [cl-struct-emacspeak-2048-game-state
  [128 256 1024 2 128 8 64 16384 8192 16 2 16 64 16 2 0 2 2 8 0]
  305372 4 5]
 [cl-struct-emacspeak-2048-game-state
  [128 256 1024 2 64 16 16384 8192 32 8 8 64 16 4 0 2 8 4 0 0]
  304724 4 5]
 [cl-struct-emacspeak-2048-game-state
  [128 256 1024 2 64 4 16384 8192 32 8 0 32 16 8 4 0 2 0 4 8]
  304496 4 5]
 [cl-struct-emacspeak-2048-game-state
  [64 256 1024 2 64 32 16384 8192 32 4 8 32 16 4 2 2 2 0 0 0]
  304148 4 5]
 [cl-struct-emacspeak-2048-game-state
  [64 256 1024 2 64 16 16384 8192 32 4 8 8 32 16 2 0 2 0 2 0]
  304084 4 5]
 [cl-struct-emacspeak-2048-game-state
  [64 256 1024 2 64 16 16384 8192 32 4 4 8 32 16 2 0 2 0 2 0]
  304072 4 5]
 [cl-struct-emacspeak-2048-game-state
  [64 128 1024 2 32 4 32 16384 8192 4 0 16 8 2 32 2 0 2 4 2]
  302836 4 5]
 [cl-struct-emacspeak-2048-game-state
  [64 128 1024 8192 32 4 32 16384 32 4 16 8 2 0 0 2 4 0 0 0]
  302836 4 5]
 [cl-struct-emacspeak-2048-game-state
  [32 128 1024 8192 16 16 32 16384 32 16 4 8 16 8 0 0 2 0 0 2]
  302676 4 5]
 [cl-struct-emacspeak-2048-game-state
  [16 128 1024 8192 8 8 32 16384 4 2 0 16 2 0 0 2 2 0 0 0]
  302348 4 5]
 [cl-struct-emacspeak-2048-game-state
  [0 2 128 1024 8192 0 4 32 16384 2 0 0 4 16 4 0 0 0 2 8]
  302292 4 5]
 [cl-struct-emacspeak-2048-game-state
  [128 1024 4096 2048 2048 0 4 32 16384 2 0 2 2 16 4 0 4 4 0 0]
  289992 4 5]
 [cl-struct-emacspeak-2048-game-state
  [128 1024 4096 2048 1024 32 16384 512 256 256 2 2 2 4 2 0 0 4 8 4]
  286380 4 5]
 [cl-struct-emacspeak-2048-game-state
  [128 1024 4096 2048 1024 32 16384 512 256 128 2 0 8 16 64 0 0 2 4 8]
  285752 4 5]
 [cl-struct-emacspeak-2048-game-state
  [128 1024 4096 2048 1024 32 16384 512 256 128 2 8 16 4 2 2 4 8 0 0]
  285448 4 5]
 [cl-struct-emacspeak-2048-game-state
  [128 1024 4096 2048 1024 32 16384 512 256 128 2 8 16 2 2 2 4 8 0 0]
  285444 4 5]
 [cl-struct-emacspeak-2048-game-state
  [128 1024 4096 2048 1024 32 16384 512 256 128 0 2 8 16 2 0 0 2 4 8]
  285444 4 5]
 [cl-struct-emacspeak-2048-game-state
  [128 1024 4096 2048 1024 32 16384 512 256 128 0 2 8 16 2 0 0 2 4 8]
  285444 4 5]
 [cl-struct-emacspeak-2048-game-state
  [128 1024 4096 2048 1024 32 16384 512 256 128 0 2 8 16 2 0 0 2 4 8]
  285444 4 5]
 [cl-struct-emacspeak-2048-game-state
  [128 1024 4096 2048 1024 32 16384 512 256 64 2 0 2 0 16 0 0 0 2 8]
  284992 4 5]
 [cl-struct-emacspeak-2048-game-state
  [128 1024 4096 2048 1024 32 16384 512 128 64 2 8 16 64 8 0 2 4 4 0]
  284316 4 5]
 [cl-struct-emacspeak-2048-game-state
  [128 1024 4096 2048 1024 32 16384 512 128 32 0 4 8 64 0 2 0 2 2 0]
  284072 4 5]
 [cl-struct-emacspeak-2048-game-state
  [128 1024 4096 2048 1024 32 16384 512 128 4 2 8 32 0 0 4 0 0 0 2]
  283764 4 5]
 [cl-struct-emacspeak-2048-game-state
  [128 1024 4096 2048 1024 32 16384 512 64 8 2 2 4 16 2 2 0 0 0 0]
  283236 4 5]
 [cl-struct-emacspeak-2048-game-state
  [128 1024 4096 2048 1024 32 16384 512 4 0 2 4 16 0 0 4 2 0 0 2]
  282916 4 5]
 [cl-struct-emacspeak-2048-game-state
  [128 1024 4096 2048 1024 32 16384 512 2 0 2 4 8 4 2 4 0 0 0 0]
  282888 4 5]
 [cl-struct-emacspeak-2048-game-state
  [128 1024 4096 2048 1024 32 16384 512 2 0 2 4 8 4 2 4 0 0 0 0]
  282888 4 5]
 [cl-struct-emacspeak-2048-game-state
  [128 1024 4096 2048 1024 32 16384 512 2 0 2 4 8 4 2 4 0 0 0 0]
  282888 4 5]
 [cl-struct-emacspeak-2048-game-state
  [128 1024 4096 2048 1024 32 16384 512 2 0 2 4 8 4 2 4 0 0 0 0]
  282888 4 5]
 [cl-struct-emacspeak-2048-game-state
  [128 1024 4096 2048 1024 32 16384 512 2 0 2 4 8 4 2 4 0 0 0 0]
  282888 4 5]
 [cl-struct-emacspeak-2048-game-state
  [128 1024 4096 2048 1024 32 16384 512 2 0 2 4 8 4 2 4 0 0 0 0]
  282888 4 5]
 [cl-struct-emacspeak-2048-game-state
  [128 1024 4096 2048 1024 32 16384 512 2 0 2 4 8 4 2 4 0 0 0 0]
  282888 4 5]
 [cl-struct-emacspeak-2048-game-state
  [128 1024 4096 2048 1024 32 16384 512 2 0 2 4 8 4 2 4 0 0 0 0]
  282888 4 5]
 [cl-struct-emacspeak-2048-game-state
  [128 1024 4096 2048 1024 32 16384 256 64 16 4 8 32 8 0 2 4 16 0 2]
  281168 4 5]
 [cl-struct-emacspeak-2048-game-state
  [128 1024 4096 2048 1024 32 16384 256 64 16 4 8 32 8 0 2 4 16 0 2]
  281168 4 5]
 [cl-struct-emacspeak-2048-game-state
  [128 1024 4096 2048 1024 32 16384 256 64 16 2 2 8 32 8 0 0 2 4 16]
  281164 4 5]
 [cl-struct-emacspeak-2048-game-state
  [128 1024 4096 2048 1024 32 16384 256 16 0 4 32 4 2 0 8 0 2 0 0]
  280796 4 5]
 [cl-struct-emacspeak-2048-game-state
  [128 1024 4096 2048 1024 16 8 16384 256 2 32 4 0 0 2 4 0 0 0 0]
  280676 4 5]
 [cl-struct-emacspeak-2048-game-state
  [128 1024 4096 2048 1024 16 8 16384 256 2 32 0 0 2 0 2 0 0 0 0]
  280668 4 5]
 [cl-struct-emacspeak-2048-game-state
  [128 512 4096 2048 1024 64 128 256 16384 256 32 8 4 2 2 8 4 0 0 2]
  278416 4 5]
 [cl-struct-emacspeak-2048-game-state
  [128 512 4096 2048 1024 64 128 256 16384 256 32 8 4 2 0 8 2 2 0 0]
  278412 4 5]
 [cl-struct-emacspeak-2048-game-state
  [128 512 4096 2048 1024 8 64 256 16384 256 4 8 16 64 16 4 2 0 0 2]
  277948 4 5]
 [cl-struct-emacspeak-2048-game-state
  [128 512 4096 2048 1024 8 64 256 16384 256 4 8 16 64 16 4 2 0 0 2]
  277948 4 5]
 [cl-struct-emacspeak-2048-game-state
  [128 512 4096 2048 1024 8 64 256 16384 256 4 8 16 64 16 4 2 0 0 2]
  277948 4 5]
 [cl-struct-emacspeak-2048-game-state
  [128 512 4096 2048 1024 2 64 256 16384 256 0 4 16 8 2 0 0 0 0 2]
  277576 4 5]
 [cl-struct-emacspeak-2048-game-state
  [128 512 4096 2048 1024 2 64 256 16384 256 4 16 8 0 2 0 0 0 0 0]
  277576 4 5]
 [cl-struct-emacspeak-2048-game-state
  [128 512 4096 2048 1024 2 64 256 16384 256 0 2 2 16 8 0 0 0 0 0]
  277572 4 5]
 [cl-struct-emacspeak-2048-game-state
  [128 512 4096 2048 1024 8 128 16384 128 64 0 4 64 32 16 0 0 2 0 2]
  276024 4 5]
 [cl-struct-emacspeak-2048-game-state
  [128 512 4096 2048 1024 8 128 16384 128 64 0 4 64 32 16 0 0 2 0 2]
  276024 4 5]
 [cl-struct-emacspeak-2048-game-state
  [128 512 4096 2048 1024 8 128 16384 128 64 0 4 64 32 16 0 0 2 0 2]
  276024 4 5]
 [cl-struct-emacspeak-2048-game-state
  [64 512 4096 2048 1024 8 128 16384 64 32 4 8 16 64 0 2 8 2 2 0]
  274856 4 5]
 [cl-struct-emacspeak-2048-game-state
  [16 512 4096 2048 1024 4 128 16384 8 2 4 8 4 0 0 0 0 0 0 2]
  273792 4 5]
 [cl-struct-emacspeak-2048-game-state
  [8 512 4096 2048 1024 2 16 64 16384 8 2 0 32 4 2 0 0 0 4 8]
  273488 4 5]
 [cl-struct-emacspeak-2048-game-state
  [0 512 4096 2048 1024 4 16 64 16384 8 0 0 4 8 16 0 4 0 2 4]
  273404 4 5]
 [cl-struct-emacspeak-2048-game-state
  [512 4096 2048 512 256 16 64 16384 128 64 0 0 0 4 16 0 0 2 0 4]
  271152 4 5])
)
